#JOSM PicLayer plugin calibration data
#Mon Aug 16 18:37:38 EEST 2021
POSITION_Y=-4.826148387096785
POSITION_X=8.244696774193512
M12=3.044912172613729
M11=0.18937198997804375
M10=0.0
M02=-3.3242759290626323
INITIAL_SCALE=4999489.937765541
M01=0.0
M00=0.18937198997804375
