#JOSM PicLayer plugin calibration data
#Fri Aug 20 13:31:45 EEST 2021
POSITION_Y=-7.912706783779559
POSITION_X=176.3338467396391
M12=-89.96160944008187
M11=0.005663407247003019
M10=0.0
M02=-383.7662726014154
INITIAL_SCALE=4999489.937765541
M01=0.0
M00=0.005663407247003019
